0,0,
0.01,0.000514132120635669,
0.02,0.0010215213979341,
0.03,0.00152816645815168,
0.04,0.00205210268659028,
0.05,0.00256829242692325,
0.06,0.00307572035132941,
0.07,0.00358240151633304,
0.08,0.00410540417788607,
0.09,0.00461963777739283,
0.1,0.00478340412494549,
0.11,0.00427611660674154,
0.12,0.00376205884505576,
0.13,0.00325930000517971,
0.14,0.00275478747281621,
0.15,0.00224050619127003,
0.16,0.00171546973759007,
0.17,0.0012097311351178,
0.18,0.000694240873718943,
0.19,0.000187017485590024,
0.2,-0.000331944894098601,
0.21,-0.000839647298763291,
0.22,-0.00135108645974857,
0.23,-0.00185627498652374,
0.24,-0.00236819139966893,
0.25,-0.00287785102473925,
0.26,-0.00338226720406498,
0.27,-0.00388742432644118,
0.28,-0.00439232539907042,
0.29,-0.00388244375111135,
0.3,-0.00337529085551824,
0.31,-0.0028638912169352,
0.32,-0.00236320322815553,
0.33,-0.00186326196814435,
0.34,-0.00135807697767643,
0.35,-0.000850638002193982,
0.36,-0.000349938757145174,
0.37,0.000155012013120626,
0.38,0.000655214559342809,
0.39,0.00115766958271091,
0.4,0.00166238022457854,
0.41,0.00217035181126857,
0.42,0.00268860784079483,
0.43,0.00319108069226237,
0.44,0.00369380534569941,
0.45,0.00421084078064937,
0.46,0.00369882382727238,
0.47,0.00317302341532577,
0.48,0.00265652231871516,
0.49,0.00213828287311624,
0.5,0.0016263210279599,
0.51,0.00110360852821501,
0.52,0.000584170561200859,
0.53,7.30026645647808E-05,
0.54,-0.000431906701435447,
0.55,-0.000948549841911284,
0.56,-0.00144894925792005,
0.57,-0.00195608436847283,
0.58,-0.00245697667963085,
0.59,-0.00297955229708169,
0.6,-0.00348690657234563,
0.61,-0.00399201065600852,
0.62,-0.00449884972109982,
0.63,-0.00500841584998202,
0.64,-0.0050452298575322,
0.65,-0.00454065989139185,
0.66,-0.00403483807875415,
0.67,-0.00353075218384591,
0.68,-0.00300946246185807,
0.69,-0.00249987010741826,
0.7,-0.00199700333016928,
0.71,-0.00149687855804326,
0.72,-0.000989510111676473,
0.73,-0.000454896503197633,
0.74,9.60046081475152E-05,
0.75,0.000598178837646568,
0.76,0.00110761295065798,
0.77,0.00161730643163649,
0.78,0.00213126792968854,
0.79,0.00265251170064706,
0.8,0.00317803929298255,
0.81,0.00370283863059728,
0.82,0.00420581973899825,
0.83,0.00470804819551862,
0.84,0.00522962701052698,
0.85,0.00576153416025238,
0.86,0.00627762219253869,
0.87,0.00680303623245715,
0.88,0.00731059285624358,
0.89,0.00784057760185441,
0.9,0.00835269068098521,
0.91,0.00886708171179595,
0.92,0.00939384780243779,
0.93,0.00984514771042044,
0.94,0.00933732332966097,
0.95,0.008825719009387,
0.96,0.00831639063752543,
0.97,0.00781135064889682,
0.98,0.00730152710170384,
0.99,0.00678088680930444,
1,0.00627158454491861,
1.01,0.00575952263919577,
1.02,0.00525475806533904,
1.03,0.00474220884988519,
1.04,0.00421686606377003,
1.05,0.00370283863059728,
1.06,0.00318205201316513,
1.07,0.00267757832677118,
1.08,0.00216333664335888,
1.09,0.0016403438946142,
1.1,0.0011286364312757,
1.11,0.000607184261780525,
1.12,0.000093004324634105,
1.13,-0.000409915961485652,
1.14,-0.000927569541165574,
1.15,-0.00143097517724045,
1.16,-0.00193811941630739,
1.17,-0.00244301097954469,
1.18,-0.00296359984229921,
1.19,-0.00347295529137892,
1.2,-0.00399699068350512,
1.21,-0.00450382721440745,
1.22,-0.00501140082025697,
1.23,-0.00550877076699829,
1.24,-0.00600986805940684,
1.25,-0.00651269983899994,
1.26,-0.00703116487853594,
1.27,-0.0075404272539854,
1.28,-0.00806133178027435,
1.29,-0.00856610008796588,
1.3,-0.00907853893736377,
1.31,-0.0095758566736216,
1.32,-0.00907358431767191,
1.33,-0.00856907438520416,
1.34,-0.00806827532664944,
1.35,-0.00755630648011518,
1.36,-0.00705797467515024,
1.37,-0.00654151055294727,
1.38,-0.00603471750208606,
1.39,-0.00552468249937188,
1.4,-0.00501339079546537,
1.41,-0.00449884972109982,
1.42,-0.00397806644654852,
1.43,-0.00346199343359699,
1.44,-0.00294365891488746,
1.45,-0.00242904508393738,
1.46,-0.00190618092511552,
1.47,-0.00138304271367906,
1.48,-0.000882610270218853,
1.49,-0.000365933030170518,
1.5,0.000157012325145089,
1.51,0.000675227863766503,
1.52,0.00117869411452887,
1.53,0.00169944241829323,
1.54,0.00220442618249117,
1.55,0.00272971891648766,
1.56,0.00325227721465948,
1.57,0.00375503253523579,
1.58,0.00426908669852999,
1.59,0.00477938499936714,
1.6,0.00530401675531222,
1.61,0.00582288748509363,
1.62,0.00635108314025068,
1.63,0.00687150116670221,
1.64,0.00739722529237041,
1.65,0.00792221599495058,
1.66,0.00843235369019646,
1.67,0.0089548569660729,
1.68,0.00947359306631057,
1.69,0.00966238227945526,
1.7,0.00914455831055028,
1.71,0.00862599129071961,
1.72,0.00812079623101258,
1.73,0.00760880092434579,
1.74,0.00709001599045633,
1.75,0.00657854418717063,
1.76,0.00607336856767793,
1.77,0.00554833531488663,
1.78,0.00503161627870341,
1.79,0.0045131537395422,
1.8,0.00399897464590793,
1.81,0.00349208316458327,
1.82,0.00296639105636598,
1.83,0.00244498411057159,
1.84,0.00192485015025623,
1.85,0.00139897765753538,
1.86,0.000894399737112694,
1.87,0.000375070321289916,
1.88,-0.00014099005996715,
1.89,-0.000643792676507826,
1.9,-0.00116232397759675,
1.91,-0.00166760799402699,
1.92,-0.002179621168518,
1.93,-0.00270034748487535,
1.94,-0.00320285986598567,
1.95,-0.00372604101748697,
1.96,-0.00422405348348653,
1.97,-0.00472878392839093,
1.98,-0.00523425330606309,
1.99,-0.00574145448958152,
2,-0.00624640956125344,
2.01,-0.00676501356804071,
2.02,-0.00726944880375024,
2.03,-0.0077706511678558,
2.04,-0.00827556739433055,
2.05,-0.00877824424231299,
2.06,-0.00928760130879214,
2.07,-0.00979273581187756,
2.08,-0.00929453627131061,
2.09,-0.0087941036635294,
2.1,-0.0082864763030901,
2.11,-0.00778156563066335,
2.12,-0.00726547787360365,
2.13,-0.00675806089880138,
2.14,-0.00626032201413218,
2.15,-0.00575537401178183,
2.16,-0.00523823236109167,
2.17,-0.00472480283556442,
2.18,-0.00421708302746426,
2.19,-0.00369814495609244,
2.2,-0.00319787586782505,
2.21,-0.00268139861146377,
2.22,-0.002163655914735,
2.23,-0.00166061964282382,
2.24,-0.00113935044685365,
2.25,-0.000638795882979215,
2.26,-8.69962156097026E-05,
2.27,0.000450101265189184,
2.28,0.000955456157698542,
2.29,0.0014851016728934,
2.3,0.00201302341663623,
2.31,0.00253621075487498,
2.32,0.00306368351490649,
2.33,0.00358440868314314,
2.34,0.00411243294031594,
2.35,0.004633702550775,
2.36,0.00516529437306468,
2.37,0.00569616178515719,
2.38,0.00621925978297777,
2.39,0.00674464334976554,
2.4,0.0072672794319959,
2.41,0.00779321020784973,
2.42,0.00832042391115451,
2.43,0.00885497537945357,
2.44,0.0093736601273593,
2.45,0.00990372042758003,
2.46,0.0104199131047151,
2.47,0.0109414243181989,
2.48,0.0114712964389132,
2.49,0.0120075183122701,
2.5,0.0125399742905483,
2.51,0.0130727104143427,
2.52,0.0135935636353062,
2.53,0.0141116423041503,
2.54,0.0146573811582982,
2.55,0.014821768969099,
2.56,0.0142779702520071,
2.57,0.0137435865841486,
2.58,0.0132175901705875,
2.59,0.0126513598138116,
2.6,0.0120894942412337,
2.61,0.0115238943138609,
2.62,0.0110162367516244,
2.63,0.0104360799526593,
2.64,0.00992189885815309,
2.65,0.00941504529581461,
2.66,0.00889129481231299,
2.67,0.00837487468420317,
2.68,0.00785871889552237,
2.69,0.00733577593585211,
2.7,0.00681511794138201,
2.71,0.00628969759645726,
2.72,0.00576354568533222,
2.73,0.00524269508062036,
2.74,0.00472010476443629,
2.75,0.00419678192729078,
2.76,0.00366670597879826,
2.77,0.00313891611235717,
2.78,0.00261140379038527,
2.79,0.00209018138998318,
2.8,0.00155620963941527,
2.81,0.0010325326952314,
2.82,0.000514132120635669,
2.83,-4.99998750003172E-06,
2.84,-0.000536855841305584,
2.85,-0.00106443308877135,
2.86,-0.0015947270692892,
2.87,-0.00212473953845127,
2.88,-0.00265247595264706,
2.89,-0.00317993326810773,
2.9,-0.00370511904466841,
2.91,-0.00423500695865398,
2.92,-0.0047606320977317,
2.93,-0.00529791627661469,
2.94,-0.00582496869975846,
2.95,-0.00635571644421296,
2.96,-0.00688518773071556,
2.97,-0.00740842135261233,
2.98,-0.007934355504434,
2.99,-0.008465960207096,
3,-0.00899430703336823,
3.01,-0.00952435327909196,
3.02,-0.0100491662841227,
3.03,-0.0105816165906865,
3.04,-0.0111068582882646,
3.05,-0.0116347862566261,
3.06,-0.0121624323867098,
3.07,-0.0126878222065965,
3.08,-0.0132158929501964,
3.09,-0.0137436812515086,
3.1,-0.0142731587172533,
3.11,-0.0144801396201673,
3.12,-0.0139645779255572,
3.13,-0.0134497330724183,
3.14,-0.0129286969900594,
3.15,-0.0123965221495015,
3.16,-0.0118581315559626,
3.17,-0.011357016606756,
3.18,-0.0108477343413814,
3.19,-0.0103431380247719,
3.2,-0.0098353138088042,
3.21,-0.00932623833891411,
3.22,-0.00880798044894038,
3.23,-0.0082844928740593,
3.24,-0.00776072882475587,
3.25,-0.0072466157384935,
3.26,-0.00672826319366504,
3.27,-0.0062126213647824,
3.28,-0.0056847801372838,
3.29,-0.00516362243068136,
3.3,-0.00464020084827188,
3.31,-0.00410355730408618,
3.32,-0.00358754931223793,
3.33,-0.00306628930291741,
3.34,-0.00253877185389517,
3.35,-0.00201496722243377,
3.36,-0.00149188602995476,
3.37,-0.000966532606168746,
3.38,-0.000443901446586459,
3.39,7.70029645760228E-05,
3.4,0.000596177643290119,
3.41,0.00112563304987146,
3.42,0.00165837358307086,
3.43,0.00218338011052577,
3.44,0.00271166994398842,
3.45,0.00324124150030669,
3.46,0.00376908520405972,
3.47,0.00428816799244891,
3.48,0.00481555770833197,
3.49,0.00534523506496876,
3.5,0.0058661387991521,
3.51,0.00639636995793791,
3.52,0.0069238598460768,
3.53,0.00744961131011035,
3.54,0.00797966919866289,
3.55,0.00850496343358143,
3.56,0.00902851335905708,
3.57,0.00956243065129692,
3.58,0.0100855194586789,
3.59,0.0106068580805165,
3.6,0.0111345325714949,
3.61,0.0116645059074498,
3.62,0.0121896960610719,
3.63,0.0127262987871457,
3.64,0.0132520401542997,
3.65,0.0137821095723709,
3.66,0.0143094133564505,
3.67,0.014627956520904,
3.68,0.0140731067939219,
3.69,0.0135388310606626,
3.7,0.0130109148637909,
3.71,0.0124812486750987,
3.72,0.0119164417341295,
3.73,0.0113529612199752,
3.74,0.010783729756501,
3.75,0.010208757409415,
3.76,0.00970175988022248,
3.77,0.00918997083744855,
3.78,0.00867541517516823,
3.79,0.00815003215802212,
3.8,0.00763096856180923,
3.81,0.00711317932720146,
3.82,0.00659464957272027,
3.83,0.00607336856767793,
3.84,0.00555235751627214,
3.85,0.00502960621748083,
3.86,0.00450411316184129,
3.87,0.00397588293504691,
3.88,0.00345294773648575,
3.89,0.0029342966453656,
3.9,0.00241090156051849,
3.91,0.00188377207350632,
3.92,0.00135792114111566,
3.93,0.000825340406105157,
3.94,0.000305046517229179,
3.95,-0.000217976239726636,
3.96,-0.000741724786073816,
3.97,-0.00126519896007449,
3.98,-0.00179239174388091,
3.99,-0.00232429463436878,
4,-0.00285691123974385,
4.01,-0.00337529085551824,
4.02,-0.00390535419143401,
4.03,-0.00443513560865216,
4.04,-0.00496364022125118,
4.05,-0.00549086976376356,
4.06,-0.00601881393033787,
4.07,-0.00655343198329195,
4.08,-0.0070788262387399,
4.09,-0.00760195784002782,
4.1,-0.0081277894446885,
4.11,-0.00865532512377121,
4.12,-0.00918753430322561,
4.13,-0.00971252577501569,
4.14,-0.010233280016086,
4.15,-0.0107636528253866,
4.16,-0.0113006623506217,
4.17,-0.0118255223362548,
4.18,-0.0123560295768176,
4.19,-0.0128832906657835,
4.2,-0.0134112568617268,
4.21,-0.013941898850041,
4.22,-0.0144505735808674,
4.23,-0.0145806575194259,
4.24,-0.014034583955281,
4.25,-0.0135118837814667,
4.26,-0.012994828551929,
4.27,-0.012462689365891,
4.28,-0.0119055612273267,
4.29,-0.0114054589260958,
4.3,-0.0109001580222216,
4.31,-0.0103975676553519,
4.32,-0.00988581092011265,
4.33,-0.00937180828383377,
4.34,-0.0088644767838939,
4.35,-0.00834796063552534,
4.36,-0.00783216748045801,
4.37,-0.00730816454028516,
4.38,-0.0067809052006903,
4.39,-0.00626230949150064,
4.4,-0.00573648318442577,
4.41,-0.00521336300603503,
4.42,-0.00468996759405049,
4.43,-0.00416530096945988,
4.44,-0.00364135413183186,
4.45,-0.00310915653082533,
4.46,-0.00258365659924731,
4.47,-0.00206985488981193,
4.48,-0.00154181018753885,
4.49,-0.00100049916662537,
4.5,-0.000493878002089776,
4.51,8.00032000853879E-05,
4.52,0.000637202927586067,
4.53,0.00113964890684493,
4.54,0.0017375077203412,
4.55,0.00233873057379275,
4.56,0.00284303377689432,
4.57,0.00344190981476933,
4.58,0.00394676805660943,
4.59,0.00445388921179246,
4.6,0.00504970701061236,
4.61,0.00555436862299841,
4.62,0.00606230182149092,
4.63,0.00666511366440492,
4.64,0.0072672794319959,
4.65,0.00786778966481094,
4.66,0.00837487468420317,
4.67,0.0089760452405454,
4.68,0.00956949761304582,
4.69,0.010165319366771,
4.7,0.0107594712380901,
4.71,0.01127509004004,
4.72,0.0117899600841807,
4.73,0.0123901294631439,
4.74,0.0129977458074966,
4.75,0.0135935636353062,
4.76,0.0141917602885109,
4.77,0.0147060858814978,
4.78,0.0153039238120691,
4.79,0.015902113972903,
4.8,0.0165006565715244,
4.81,0.017107688644542,
4.82,0.0176173872653964,
4.83,0.0182179586750271,
4.84,0.0187292324092523,
4.85,0.0193324986640315,
4.86,0.0198035390803721,
4.87,0.0192499360754697,
4.88,0.0187139515853727,
4.89,0.0181772307712436,
4.9,0.0176306163774198,
4.91,0.0170670051506716,
4.92,0.0165026895748706,
4.93,0.0159366552319762,
4.94,0.0153587517042946,
4.95,0.0147811769101869,
4.96,0.0141988596556808,
4.97,0.0136047132258288,
4.98,0.0130088888439872,
4.99,0.0124245513127139,
5,0.0118304324920266,
5.01,0.0112366623167499,
5.02,0.0106381873787187,
5.03,0.0100400666329996,
5.04,0.00944633764724778,
5.05,0.00894174063818887,
5.06,0.00843638742767872,
5.07,0.00784057760185441,
5.08,0.00724511979560538,
5.09,0.00665102045146626,
5.1,0.00605525941002671,
5.11,0.00554531867440566,
5.12,0.0050356364132087,
5.13,0.00444284027978026,
5.14,0.00384437070862131,
5.15,0.00334157064083018,
5.16,0.00273874352456849,
5.17,0.00223148606730494,
5.18,0.00172648866836123,
5.19,0.00122374816947257,
5.2,0.000628197233285333,
5.21,0.000125007812825428,
5.22,-0.000377928567000807,
5.23,-0.000971527761017832,
5.24,-0.00147191566797233,
5.25,-0.00197404899727205,
5.26,-0.00247692734059002,
5.27,-0.00298254335393822,
5.28,-0.00348292051199983,
5.29,-0.00398105450786701,
5.3,-0.00448789914821879,
5.31,-0.00499946088542735,
5.32,-0.00549982030565821,
5.33,-0.00600092210796266,
5.34,-0.00650971937262879,
5.35,-0.00701329127864181,
5.36,-0.00751561545452051,
5.37,-0.00801570155204911,
5.38,-0.00851851011862004,
5.39,-0.00901908186600575,
5.4,-0.00951940088847736,
5.41,-0.0100244172039176,
5.42,-0.0105271970830763,
5.43,-0.01102972161492,
5.44,-0.0115300139911373,
5.45,-0.0120330171888421,
5.46,-0.0125426766485237,
5.47,-0.0130500992939349,
5.48,-0.0135483831665241,
5.49,-0.0140483873744814,
5.5,-0.0145510944957083,
5.51,-0.0150515754067901,
5.52,-0.0155537710325631,
5.53,-0.0160616142518916,
5.54,-0.0165662451948766,
5.55,-0.0170686514678469,
5.56,-0.0175717835055026,
5.57,-0.0180766218542104,
5.58,-0.0185841450346651,
5.59,-0.0191482969420532,
5.6,-0.0192983557728278,
5.61,-0.0187823710158699,
5.62,-0.0182818223960394,
5.63,-0.01772404807825,
5.64,-0.0171875789657605,
5.65,-0.0166350831483565,
5.66,-0.0160704696575139,
5.67,-0.0154996250009676,
5.68,-0.0149314043687055,
5.69,-0.0143598988626638,
5.7,-0.0137752409487507,
5.71,-0.0132820052705813,
5.72,-0.0126947333676519,
5.73,-0.0121920670692157,
5.74,-0.0116940863904288,
5.75,-0.0111068582882646,
5.76,-0.010606351741081,
5.77,-0.0101105413331669,
5.78,-0.0095174199252982,
5.79,-0.00901908186600575,
5.8,-0.00851652715365725,
5.81,-0.00801570155204911,
5.82,-0.00751760042130467,
5.83,-0.00701726321753282,
5.84,-0.00651965422576073,
5.85,-0.00601384401198268,
5.86,-0.00550678178255082,
5.87,-0.00491090189662968,
5.88,-0.00431964338596336,
5.89,-0.00381470545421048,
5.9,-0.00331150483300202,
5.91,-0.0028090472227561,
5.92,-0.00230234552741149,
5.93,-0.00179937917268269,
5.94,-0.00120327548280208,
5.95,-0.00060481702440196,
5.96,-0.000101994798176852,
5.97,0.00049612302833979,
5.98,0.0010966008274822,
5.99,0.00159927748238164,
6,0.00210220654431059,
6.01,0.00270264557956867,
6.02,0.00320913829423275,
6.03,0.00371889800448999,
6.04,0.00431528413905102,
6.05,0.00490599517815071,
6.06,0.00541561169457672,
6.07,0.0059254866520857,
6.08,0.00652620346374344,
6.09,0.00703059943231854,
6.1,0.00754028585542166,
6.11,0.00813390188655005,
6.12,0.00873190258005052,
6.13,0.00932823933462901,
6.14,0.00983807881912768,
6.15,0.0104411321456894,
6.16,0.0110344352076714,
6.17,0.0115501942770111,
6.18,0.0121532578879047,
6.19,0.0127627575901565,
6.2,0.0132723053977546,
6.21,0.0138642292490483,
6.22,0.0144646145692839,
6.23,0.0150694156923992,
6.24,0.015579108461258,
6.25,0.0161845740207149,
6.26,0.0167822662545352,
6.27,0.0173803100347334,
6.28,0.0179807415275268,
6.29,0.0184908776574622,
6.3,0.0190909454870303,
6.31,0.0196138732615712,
6.32,0.0196781109590527,
6.33,0.0191001173468128,
6.34,0.0185703230442493,
6.35,0.018046912426257,
6.36,0.0175105430491529,
6.37,0.0169510661207346,
6.38,0.0163868148732425,
6.39,0.0158177975966212,
6.4,0.0152450378921962,
6.41,0.0146715864610714,
6.42,0.0140822334929533,
6.43,0.0134932228394575,
6.44,0.0129015155926526,
6.45,0.0123061045694799,
6.46,0.0117171138295511,
6.47,0.0111183545483982,
6.48,0.0105270232922439,
6.49,0.00993098819614491,
6.5,0.00933530465703281,
6.51,0.00873694625217269,
6.52,0.00814095884856259,
6.53,0.00763600672924736,
6.54,0.00703362052864853,
6.55,0.00643461374662357,
6.56,0.005834957432163,
6.57,0.00523666364254427,
6.58,0.00473316621069753,
6.59,0.00413552779186332,
6.6,0.00362756374054363,
6.61,0.0031248722658388,
6.62,0.00252518291720993,
6.63,0.00202204157442876,
6.64,0.00142201009889353,
6.65,0.000918421490966326,
6.66,0.000327053470328131,
6.67,-0.000270963282816838,
6.68,-0.000784691968106932,
6.69,-0.00128517345634971,
6.7,-0.00178839890546223,
6.71,-0.00229336620811438,
6.72,-0.00279608365610706,
6.73,-0.00329854779834438,
6.74,-0.00380075876246022,
6.75,-0.00430570376339368,
6.76,-0.00481138801120795,
6.77,-0.00531383138263308,
6.78,-0.00581602108421264,
6.79,-0.00631895092556345,
6.8,-0.00691498072818642,
6.81,-0.00751065302019172,
6.82,-0.00801371758146818,
6.83,-0.00852545046475794,
6.84,-0.00902800065413434,
6.85,-0.00953128658435243,
6.86,-0.0100333269440689,
6.87,-0.0105321444347224,
6.88,-0.0110346664539498,
6.89,-0.011539898641574,
6.9,-0.0120468486297811,
6.91,-0.0125495888255945,
6.92,-0.0130520731917624,
6.93,-0.013554301858469,
6.94,-0.0140592327825705,
6.95,-0.0145688324163658,
6.96,-0.015072259106527,
6.97,-0.015572475333222,
6.98,-0.0160773571401202,
6.99,-0.0165750960588409,
7,-0.0170755319632048,
7.01,-0.017583572573366,
7.02,-0.0180884048640499,
7.03,-0.0185910149216052,
7.04,-0.0190914058934514,
7.05,-0.0194052464264021,
7.06,-0.0188981478651216,
7.07,-0.0183682097945672,
7.08,-0.0178517356521277,
7.09,-0.0173241803982648,
7.1,-0.0167845432564619,
7.11,-0.01621608045254,
7.12,-0.015647288982142,
7.13,-0.0150761988096112,
7.14,-0.0144850672071501,
7.15,-0.0138985113390723,
7.16,-0.0133155531120855,
7.17,-0.0128220875325272,
7.18,-0.0122335541311644,
7.19,-0.0117375708939615,
7.2,-0.0112393610913679,
7.21,-0.0107409001277466,
7.22,-0.0101491462692538,
7.23,-0.00956000976055338,
7.24,-0.00905971125074112,
7.25,-0.00855717714271353,
7.26,-0.00806133178027435,
7.27,-0.00756126868617724,
7.28,-0.00706095349675806,
7.29,-0.00656237296216955,
7.3,-0.00605956632353688,
7.31,-0.00555749964336349,
7.32,-0.0050591591268091,
7.33,-0.00446500210658418,
7.34,-0.00396511807724809,
7.35,-0.00345800727359846,
7.36,-0.00286189694272343,
7.37,-0.00226343456012812,
7.38,-0.0017534608880122,
7.39,-0.001246222818582,
7.4,-0.000716743016922594,
7.41,-0.000177984158939881,
7.42,0.000400080010667825,
7.43,0.000959459987530886,
7.44,0.00158325202214593,
7.45,0.00208817721162458,
7.46,0.00259034917197987,
7.47,0.00309377587679505,
7.48,0.0037168905687015,
7.49,0.00422188716065297,
7.5,0.00472713782978529,
7.51,0.00522962701052698,
7.52,0.0058570860446403,
7.53,0.0064849367353752,
7.54,0.00699233299660706,
7.55,0.00761786944436227,
7.56,0.00812281247462132,
7.57,0.00875308617243165,
7.58,0.0093736601273593,
7.59,0.0100016858397072,
7.6,0.010629091675963,
7.61,0.0111416105379958,
7.62,0.011768712718117,
7.63,0.0123901294631439,
7.64,0.0130220580451417,
7.65,0.0136452582252524,
7.66,0.0141532217338571,
7.67,0.0147781325712226,
7.68,0.0154034284722513,
7.69,0.0160321577661167,
7.7,0.0166592430433727,
7.71,0.0171687169366912,
7.72,0.0176835345453319,
7.73,0.0182994193701056,
7.74,0.0189268850520263,
7.75,0.0195639134058077,
7.76,0.0201788958441622,
7.77,0.0208156861330764,
7.78,0.0214477666515309,
7.79,0.0220751281605289,
7.8,0.0227079885149326,
7.81,0.023328960709956,
7.82,0.0239615734648819,
7.83,0.0244777801710709,
7.84,0.0247933679253831,
7.85,0.0242616381632386,
7.86,0.0236974254554863,
7.87,0.0231427317864528,
7.88,0.0225781128476705,
7.89,0.0219913214361422,
7.9,0.0214089523738741,
7.91,0.020810582067406,
7.92,0.020208481461131,
7.93,0.0196077555966845,
7.94,0.0190043264380255,
7.95,0.0183971808068388,
7.96,0.0177832724187932,
7.97,0.0171554938293215,
7.98,0.0165413174109987,
7.99,0.0159275118432243,
8,0.0153079850358868,
8.01,0.0146847772774354,
8.02,0.0140548536422787,
8.03,0.0134344419371955,
8.04,0.0128103585583772,
8.05,0.0121856473103852,
8.06,0.0115663792095986,
8.07,0.0109383914984753,
8.08,0.0103107936466567,
8.09,0.0096876241545345,
8.1,0.00905979372781451,
8.11,0.00843437055692053,
8.12,0.00792927147515665,
8.13,0.00730152710170384,
8.14,0.00667417369119794,
8.15,0.00605324730152001,
8.16,0.00542466047580148,
8.17,0.00480149038899547,
8.18,0.00429218515315521,
8.19,0.00378916078651903,
8.2,0.00328237523444397,
8.21,0.00265852763376495,
8.22,0.00215431721391668,
8.23,0.00152816645815168,
8.24,0.000907411448885398,
8.25,0.000282039765737929,
8.26,-0.000217976239726636,
8.27,-0.000720740141956333,
8.28,-0.00122125366203929,
8.29,-0.00172650786759199,
8.3,-0.00223150647918746,
8.31,-0.0027322605631438,
8.32,-0.00323675039260807,
8.33,-0.00373998875527837,
8.34,-0.00424197728920905,
8.35,-0.00474271762787981,
8.36,-0.00524817992903015,
8.37,-0.00575040277622385,
8.38,-0.0062553533033205,
8.39,-0.00675806089880138,
8.4,-0.00725852870762667,
8.41,-0.00775675985973323,
8.42,-0.00826168315508469,
8.43,-0.00877130566573769,
8.44,-0.00927373123812025,
8.45,-0.00977689236890333,
8.46,-0.0102748493453633,
8.47,-0.0107824481374269,
8.48,-0.0112828656023737,
8.49,-0.0117850063520986,
8.5,-0.012285904365502,
8.51,-0.0127885229129081,
8.52,-0.0132977926321978,
8.53,-0.013800882459145,
8.54,-0.0143056871662932,
8.55,-0.0148082630980825,
8.56,-0.0153086134006917,
8.57,-0.0158087095898973,
8.58,-0.0163095354857127,
8.59,-0.0168120729038339,
8.6,-0.0173123882176766,
8.61,-0.0178153954940581,
8.62,-0.0183181452966329,
8.63,-0.018820637757194,
8.64,-0.0193277763808433,
8.65,-0.0198307322123589,
8.66,-0.0203314707586038,
8.67,-0.0208358701571696,
8.68,-0.0213360952091336,
8.69,-0.0218409555188439,
8.7,-0.0223436000769894,
8.71,-0.0228489177998628,
8.72,-0.0233451844872095,
8.73,-0.0238480322227926,
8.74,-0.0241935288628725,
8.75,-0.0236039637235571,
8.76,-0.0230765674797978,
8.77,-0.022533247022226,
8.78,-0.0219710420208158,
8.79,-0.0213928560695306,
8.8,-0.0208064947926461,
8.81,-0.0202129236946128,
8.82,-0.019623894676263,
8.83,-0.0190296067053687,
8.84,-0.0184202349007706,
8.85,-0.0179263760838458,
8.86,-0.0174352164922223,
8.87,-0.0168189551952355,
8.88,-0.0163233070558146,
8.89,-0.015824456524568,
8.9,-0.0152111241277789,
8.91,-0.0147126948646187,
8.92,-0.0142120417584877,
8.93,-0.0137160656879676,
8.94,-0.013217866516437,
8.95,-0.0127174411276443,
8.96,-0.0122197253041207,
8.97,-0.0117148405966947,
8.98,-0.0112166193351438,
8.99,-0.0107181469067885,
9,-0.0102174436218754,
9.01,-0.00971747720000826,
9.02,-0.00921428587865158,
9.03,-0.00871381273418737,
9.04,-0.00820911963137083,
9.05,-0.00770913104112403,
9.06,-0.00720889039311456,
9.07,-0.00670839756027319,
9.08,-0.00620765241546684,
9.09,-0.00570466624281929,
9.1,-0.00520440988601312,
9.11,-0.0047019112427773,
9.12,-0.00419716716996699,
9.13,-0.00369216712702869,
9.14,-0.00318890460833732,
9.15,-0.00268638519200426,
9.16,-0.00206087347808959,
9.17,-0.00156078071292476,
9.18,-0.00105544262821211,
9.19,-0.000552847123681532,
9.2,6.80023120525064E-05,
9.21,0.000691238795499372,
9.22,0.00119671549321487,
9.23,0.00170344922407639,
9.24,0.0022064305933478,
9.25,0.00283200256419458,
9.26,0.00333454727441751,
9.27,0.00383734382262046,
9.28,0.00434240101779904,
9.29,0.00497031121993352,
9.3,0.00559559719729186,
9.31,0.00610254511842445,
9.32,0.0067305490234193,
9.33,0.00735592285283926,
9.34,0.00798672508104281,
9.35,0.00849386993999812,
9.36,0.00912336649734047,
9.37,0.00974719748175534,
9.38,0.0103744452316603,
9.39,0.0108817805336732,
9.4,0.0113893705819437,
9.41,0.0120166264209214,
9.42,0.0126381954317027,
9.43,0.0132682523166392,
9.44,0.0139007290182931,
9.45,0.0144098349591602,
9.46,0.0150399791061766,
9.47,0.0156705146942382,
9.48,0.0162953441761471,
9.49,0.0169164903722776,
9.5,0.0175492091844407,
9.51,0.0180581110038858,
9.52,0.0186884840549286,
9.53,0.0193141508441863,
9.54,0.0199422417932578,
9.55,0.0205768432082334,
9.56,0.0212046910102166,
9.57,0.0218339468907922,
9.58,0.0224646129765038,
9.59,0.0230854373977307,
9.6,0.0237158521749845,
9.61,0.0243497284519487,
9.62,0.0238110621764331,
9.63,0.0232624464892455,
9.64,0.0227028749877738,
9.65,0.0221344102371257,
9.66,0.0215519596374814,
9.67,0.0209606522528583,
9.68,0.0203645853004337,
9.69,0.0197709058892552,
9.7,0.0191704376809334,
9.71,0.018563193076943,
9.72,0.0179563102829061,
9.73,0.0173375809590288,
9.74,0.0167182109895232,
9.75,0.0161042986102877,
9.76,0.0154907569221694,
9.77,0.0148714964540919,
9.78,0.0142434853872646,
9.79,0.0136178901727506,
9.8,0.0129977458074966,
9.81,0.0123698818630313,
9.82,0.0117393718508927,
9.83,0.0111112767446888,
9.84,0.010490644974219,
9.85,0.0098724138975006,
9.86,0.00924446856729921,
9.87,0.00861893093349186,
9.88,0.00799277301953727,
9.89,0.00736801119644337,
9.9,0.00674464334976554,
9.91,0.00623938436941862,
9.92,0.00561369808094891,
9.93,0.00499041082715346,
9.94,0.00436750989168422,
9.95,0.00386043234704525,
9.96,0.00335461416603122,
9.97,0.00285205940481359,
9.98,0.00234775166296286,
9.99,0.00172148004843953,
10,0.0010966008274822,
10.01,0.000475112830364166,
10.02,-0.000147989048540298,
10.03,-0.000650788145474923,
10.04,-0.0011513367027306,
10.05,-0.00165163454796768,
10.06,-0.00215667103587935,
10.07,-0.00266145203997104,
10.08,-0.0031639840194464,
10.09,-0.00366427011715198,
10.1,-0.0041692843002894,
10.11,-0.00467006119433899,
10.12,-0.00517257591778875,
10.13,-0.00567781990638394,
10.14,-0.00618479492861235,
10.15,-0.00668952484053664,
10.16,-0.00719499122028611,
10.17,-0.00769722347925128,
10.18,-0.00820515245991493,
10.19,-0.00870092592998883,
10.2,-0.00919645157528914,
10.21,-0.00969470044005216,
10.22,-0.0102045763650055,
10.23,-0.0107023182705103,
10.24,-0.011209697827254,
10.25,-0.0117079225763659,
10.26,-0.0122147863904,
10.27,-0.0127134919895104,
10.28,-0.013217866516437,
10.29,-0.0137229696513439,
10.3,-0.0142307715517606,
10.31,-0.0147353562120303,
10.32,-0.0152357435419318,
10.33,-0.0157358767396247,
10.34,-0.0162367396979277,
10.35,-0.0167393143051938,
10.36,-0.0172465459419956,
10.37,-0.0177515514198552,
10.38,-0.0182562973915981,
10.39,-0.0187519527978914,
10.4,-0.0192601076628696,
10.41,-0.0197581970027729,
10.42,-0.0202628915613129,
10.43,-0.0207585131353499,
10.44,-0.0212636714005312,
10.45,-0.0217636779019043,
10.46,-0.0222712508265058,
10.47,-0.0227717198150887,
10.48,-0.0232787697016775,
10.49,-0.0237836040668136,
10.5,-0.0242725659859879,
10.51,-0.0242637843995647,
10.52,-0.0236791433238986,
10.53,-0.023142019157121,
10.54,-0.0225987351008003,
10.55,-0.0220258101089419,
10.56,-0.0214564634666233,
10.57,-0.0208858062544103,
10.58,-0.0203011005634617,
10.59,-0.0197052625161929,
10.6,-0.0191120047576387,
10.61,-0.0185066101195339,
10.62,-0.0180127947602728,
10.63,-0.0175216783887917,
10.64,-0.0170283504563919,
10.65,-0.0164118339744085,
10.66,-0.0157949308153803,
10.67,-0.0152928582124648,
10.68,-0.0147944703172167,
10.69,-0.0142987872819539,
10.7,-0.013800882459145,
10.71,-0.0133027261309009,
10.72,-0.0128062925595683,
10.73,-0.0123086215284532,
10.74,-0.0118097114181251,
10.75,-0.0113026397473195,
10.76,-0.0107982754916376,
10.77,-0.0102995921648431,
10.78,-0.00980164763715197,
10.79,-0.00930147118528446,
10.8,-0.00880104208051924,
10.81,-0.00829540168463916,
10.82,-0.00779347218043636,
10.83,-0.00728533236550055,
10.84,-0.00677593909280094,
10.85,-0.00627622172178199,
10.86,-0.00566191062422849,
10.87,-0.00515864823635803,
10.88,-0.0046611031845788,
10.89,-0.00415335088137114,
10.9,-0.00353473805286542,
10.91,-0.00303438691373958,
10.92,-0.00252680224733992,
10.93,-0.0020269429709725,
10.94,-0.00151984386573434,
10.95,-0.00101448506173552,
10.96,-0.000434905401217267,
10.97,0.000182016563004872,
10.98,0.000848359653654818,
10.99,0.00145105175828841,
11,0.0020581150172434,
11.01,0.00265652231871516,
11.02,0.00326130652578627,
11.03,0.0038644477968055,
11.04,0.00447598744043476,
11.05,0.00507885387474327,
11.06,0.00568409350362575,
11.07,0.0062826535932281,
11.08,0.00688559746639239,
11.09,0.00748991010053324,
11.1,0.00809760971934503,
11.11,0.00870264977904345,
11.12,0.00930300644405802,
11.13,0.00991078977836568,
11.14,0.010508833969529,
11.15,0.0111112767446888,
11.16,0.0117120552566286,
11.17,0.0123152153654196,
11.18,0.0129156963131356,
11.19,0.0135185604867478,
11.2,0.0141278682202342,
11.21,0.0147355127846764,
11.22,0.0153353987215659,
11.23,0.0159407189867247,
11.24,0.0165392843303969,
11.25,0.017144305180427,
11.26,0.0177445973892716,
11.27,0.0183584824492418,
11.28,0.0189686619107332,
11.29,0.0195690112381193,
11.3,0.0201717546168856,
11.31,0.0207697504607609,
11.32,0.0213752464345969,
11.33,0.021984167521931,
11.34,0.0225893612687782,
11.35,0.0231918438162579,
11.36,0.0237977527191366,
11.37,0.0243999228183949,
11.38,0.0250116721613269,
11.39,0.0256196843407126,
11.4,0.0262177949489846,
11.41,0.0268162543574066,
11.42,0.0274232821227678,
11.43,0.0280286126882896,
11.44,0.0286312140002651,
11.45,0.029243431689296,
11.46,0.0297756881199112,
11.47,0.0297890752908732,
11.48,0.0291796205746961,
11.49,0.0286445862929667,
11.5,0.0281036615162646,
11.51,0.0275640487547129,
11.52,0.0270113679809418,
11.53,0.0264476934827276,
11.54,0.0258791989480642,
11.55,0.0253058927298693,
11.56,0.0247277832485679,
11.57,0.0241479514311329,
11.58,0.023567424137712,
11.59,0.0229851799375616,
11.6,0.0223940653521295,
11.61,0.0218002269269273,
11.62,0.0212046910102166,
11.63,0.0206125640228563,
11.64,0.0200167002946108,
11.65,0.0194232232935987,
11.66,0.0188249974579857,
11.67,0.0182220315550077,
11.68,0.0176265458630953,
11.69,0.0170303913975378,
11.7,0.0164366190473637,
11.71,0.0158381141557382,
11.72,0.0152399616796972,
11.73,0.0146370882136051,
11.74,0.0140386288944185,
11.75,0.0134364688081063,
11.76,0.0128356791338471,
11.77,0.0122352456222521,
11.78,0.0116371913345388,
11.79,0.0110364572785639,
11.8,0.01043102778489,
11.81,0.00982899031731654,
11.82,0.00922630233036159,
11.83,0.00862296541728469,
11.84,0.00801797315386299,
11.85,0.0074133437769226,
11.86,0.00681008387837756,
11.87,0.0062102038503915,
11.88,0.0056066588096999,
11.89,0.00500850081735771,
11.9,0.00440567658222246,
11.91,0.00379819492961975,
11.92,0.00319108069226237,
11.93,0.00259034917197987,
11.94,0.00198596943023444,
11.95,0.00138495816998474,
11.96,0.000789311342377585,
11.97,0.000191018241661345,
11.98,-0.000406917186735356,
11.99,-0.00101448506173552,
12,-0.00161269820246124,
12.01,-0.00221753762249643,
12.02,-0.00281802190094504,
12.03,-0.00342312769346387,
12.04,-0.00402886226985522,
12.05,-0.00463124256976732,
12.06,-0.00523226377258013,
12.07,-0.00583888705276803,
12.08,-0.00644911461708431,
12.09,-0.0070540028991054,
12.1,-0.00765653823137202,
12.11,-0.00825969967646745,
12.12,-0.00886249451086518,
12.13,-0.00946492295739687,
12.14,-0.0100679751712783,
12.15,-0.0106706602381691,
12.16,-0.011271000925573,
12.17,-0.0118739416993762,
12.18,-0.0124784898364571,
12.19,-0.0130797073468331,
12.2,-0.013686476726106,
12.21,-0.0142918873493151,
12.22,-0.0148969263644968,
12.23,-0.0154996250009676,
12.24,-0.0161068743766452,
12.25,-0.0167098160421513,
12.26,-0.0173123882176766,
12.27,-0.0179086985995184,
12.28,-0.0185085731043507,
12.29,-0.0191139665316675,
12.3,-0.0197189865464492,
12.31,-0.0203216740243277,
12.32,-0.0209249700388792,
12.33,-0.0215318084181185,
12.34,-0.0221372928119546,
12.35,-0.0227443570401664,
12.36,-0.0233451844872095,
12.37,-0.0239495467485946,
12.38,-0.0245525595785475,
12.39,-0.0251620237514175,
12.4,-0.0257603905514281,
12.41,-0.0263613109874397,
12.42,-0.0269589416511042,
12.43,-0.0275639850014086,
12.44,-0.0281715676214358,
12.45,-0.0287564322758036,
12.46,-0.0290681514274427,
12.47,-0.0284922180938829,
12.48,-0.027974266424269,
12.49,-0.0274531209765694,
12.5,-0.0269248846180674,
12.51,-0.0263934405340367,
12.52,-0.0258334557821563,
12.53,-0.0252643763653174,
12.54,-0.0246910632810917,
12.55,-0.0241115576765554,
12.56,-0.0235268253897672,
12.57,-0.0229427198011859,
12.58,-0.0223670635490247,
12.59,-0.0217891117156378,
12.6,-0.0212020090694864,
12.61,-0.020608677725743,
12.62,-0.0200100867769208,
12.63,-0.0194140717394703,
12.64,-0.018811807103196,
12.65,-0.0182130997183414,
12.66,-0.0176169741640683,
12.67,-0.0170145887569667,
12.68,-0.0164118339744085,
12.69,-0.0158087095898973,
12.7,-0.0152180176257828,
12.71,-0.0146151465928505,
12.72,-0.0140168364180648,
12.73,-0.0134161897931102,
12.74,-0.012820113174728,
12.75,-0.0122128108179972,
12.76,-0.0116051348554449,
12.77,-0.0109931290376613,
12.78,-0.0103906404140802,
12.79,-0.00978976518562913,
12.8,-0.00918753430322561,
12.81,-0.0085918770342619,
12.82,-0.00798693359026059,
12.83,-0.00738360625295864,
12.84,-0.00678587128374908,
12.85,-0.00618280729621457,
12.86,-0.00557738829448351,
12.87,-0.00497458556100927,
12.88,-0.0043744042996382,
12.89,-0.00377186856555856,
12.9,-0.00316896818706591,
12.91,-0.00256370807289474,
12.92,-0.00195608436847283,
12.93,-0.00135108645974857,
12.94,-0.000750718070080869,
12.95,-0.000149988750562491,
12.96,0.000446099472787731,
12.97,0.00104854934388743,
12.98,0.0016513619989964,
12.99,0.00225854668274539,
13,0.00285907939379926,
13.01,0.00346900311209208,
13.02,0.00407427739282418,
13.03,0.0046789120845967,
13.04,0.00527888446904834,
13.05,0.00588022102367058,
13.06,0.00648694970726171,
13.07,0.00709505145312495,
13.08,0.0076974744004028,
13.09,0.0082982411058401,
13.1,0.00889633928139832,
13.11,0.00950084922127981,
13.12,0.0101057213710867,
13.13,0.0107160095152607,
13.14,0.0113205984430234,
13.15,0.0119255490230878,
13.16,0.0125308614717874,
13.17,0.0131385622806821,
13.18,0.0137385178788874,
13.19,0.0143439004627821,
13.2,0.0149445698324466,
13.21,0.0155537193009123,
13.22,0.0161591697239194,
13.23,0.0167619308125653,
13.24,0.0173650494445377,
13.25,0.0179695438009575,
13.26,0.01857439733369,
13.27,0.0191816486174081,
13.28,0.0197892619307651,
13.29,0.0203921355161631,
13.3,0.0209923025236547,
13.31,0.021599973707906,
13.32,0.0222028955368436,
13.33,0.0228051503889575,
13.34,0.023401619645528,
13.35,0.0239994607440104,
13.36,0.0246160940073681,
13.37,0.0252218210936497,
13.38,0.0258289320988636,
13.39,0.0264271647341461,
13.4,0.0270339624795759,
13.41,0.0276370083922108,
13.42,0.028246577857671,
13.43,0.0288493069346674,
13.44,0.0294338593381729,
13.45,0.029693309360056,
13.46,0.029093173117412,
13.47,0.0285633265804506,
13.48,0.0280234725580764,
13.49,0.0274849293690942,
13.5,0.0269343450167405,
13.51,0.0263727655360066,
13.52,0.0258063641106063,
13.53,0.0252330985957079,
13.54,0.0246550301587225,
13.55,0.0240772876604123,
13.56,0.0235019179187885,
13.57,0.0229258485177528,
13.58,0.0223368128875538,
13.59,0.0217430077163723,
13.6,0.0211566955176421,
13.61,0.0205676580579777,
13.62,0.0199738604928406,
13.63,0.0193773502807011,
13.64,0.0187771138083797,
13.65,0.0181813034883123,
13.66,0.0175848240300183,
13.67,0.0169897109954953,
13.68,0.016390880428633,
13.69,0.0157883393076381,
13.7,0.0151851402019598,
13.71,0.0145873722143346,
13.72,0.0139909701988488,
13.73,0.013390865193099,
13.74,0.0127860514014588,
13.75,0.0121856473103852,
13.76,0.0115845875682992,
13.77,0.0109869177058868,
13.78,0.0103855594116857,
13.79,0.00978354903518874,
13.8,0.00917786063045978,
13.81,0.00857757840505635,
13.82,0.00797059742246331,
13.83,0.00737204067654718,
13.84,0.00677383936776299,
13.85,0.00617599328504359,
13.86,0.00557045762160802,
13.87,0.00496528638093952,
13.88,0.00436750989168422,
13.89,0.00376005132294543,
13.9,0.00315697277535665,
13.91,0.00255225146257243,
13.92,0.00194689273942705,
13.93,0.00134390222835234,
13.94,0.00075028132032573,
13.95,0.000148010952540245,
13.96,-0.000450898314787285,
13.97,-0.00105344473709945,
13.98,-0.0016536312427019,
13.99,-0.00225844586482915,
14,-0.0028638912169352,
14.01,-0.00347096223529642,
14.02,-0.0040716881080155,
14.03,-0.00467503783159151,
14.04,-0.0052839903499613,
14.05,-0.00588958797664374,
14.06,-0.00649183638663109,
14.07,-0.00708974831157982,
14.08,-0.00769325426020673,
14.09,-0.00829143485831219,
14.1,-0.00889222819002244,
14.11,-0.00949661957271364,
14.12,-0.0101046019785969,
14.13,-0.0107072647465527,
14.14,-0.0113095606046183,
14.15,-0.0119124778641898,
14.16,-0.0125199648689022,
14.17,-0.0131270783839664,
14.18,-0.0137279010241672,
14.19,-0.0143303292160872,
14.2,-0.0149353446352075,
14.21,-0.0155409731484004,
14.22,-0.0161383584529172,
14.23,-0.0167393143051938,
14.24,-0.0173418684038251,
14.25,-0.0179499455679848,
14.26,-0.0185517577770644,
14.27,-0.0191551628799438,
14.28,-0.0197581970027729,
14.29,-0.0203677178236108,
14.3,-0.0209729435399869,
14.31,-0.0215748600714047,
14.32,-0.02217542871388,
14.33,-0.022778560389108,
14.34,-0.0233793668075584,
14.35,-0.0239837079166345,
14.36,-0.0245866996415076,
14.37,-0.0251922432602765,
14.38,-0.025797410953195,
14.39,-0.0264002557560996,
14.4,-0.0270046735061397,
14.41,-0.0276077436375067,
14.42,-0.0282104399812786,
14.43,-0.0287991660526336,
14.44,-0.0291021334474538,
14.45,-0.0285427351850862,
14.46,-0.0280355021165397,
14.47,-0.0275124445268031,
14.48,-0.0269774292555801,
14.49,-0.0264411460866549,
14.5,-0.0258880075811678,
14.51,-0.0253189600318839,
14.52,-0.0247437285416997,
14.53,-0.0241710850559336,
14.54,-0.0235971289273814,
14.55,-0.0230199042774947,
14.56,-0.0224325627615188,
14.57,-0.0218526933569505,
14.58,-0.0212617139259166,
14.59,-0.0206635221041335,
14.6,-0.0200630048034354,
14.61,-0.0194640803465812,
14.62,-0.0188657709697854,
14.63,-0.0182720051651772,
14.64,-0.0176739507272304,
14.65,-0.0170784807321858,
14.66,-0.0164708474939468,
14.67,-0.0158795688118442,
14.68,-0.0152771027721531,
14.69,-0.0146782092054434,
14.7,-0.0140730358566898,
14.71,-0.0134734099947003,
14.72,-0.0128744065754212,
14.73,-0.0122671376194015,
14.74,-0.0116644367682784,
14.75,-0.0110593902782393,
14.76,-0.0104589211041808,
14.77,-0.0098561070488844,
14.78,-0.00925787949100643,
14.79,-0.00865334243243876,
14.8,-0.00804744454170891,
14.81,-0.00744514656160167,
14.82,-0.00684049655861962,
14.83,-0.00623746573869233,
14.84,-0.00563208003409066,
14.85,-0.00502533056313714,
14.86,-0.00442617548455215,
14.87,-0.00382865195070847,
14.88,-0.00322578593655798,
14.89,-0.002618565560356,
14.9,-0.00201297125037225,
14.91,-0.00141000500753319,
14.92,-0.000802677681779662,
14.93,-0.000145989342518638,
14.94,0.000364066256038909,
14.95,0.000900405121527337,
14.96,0.00142801864897968,
14.97,0.00195791421586522,
14.98,0.00249711260507457,
14.99,0.00302757387227737,
15,0.00355731226991196,
15.01,0.00408030185656183,
15.02,0.00460557320091626,
15.03,0.00512910907380637,
15.04,0.00565694039966957,
15.05,0.00618907365797838,
15.06,0.00671947504828685,
15.07,0.00724914878414262,
15.08,0.00777910120166991,
15.09,0.0083042909134361,
15.1,0.00883278081413619,
15.11,0.00936255707816458,
15.12,0.00988756209732022,
15.13,0.0104158714331462,
15.14,0.0109505228319611,
15.15,0.0114803997215458,
15.16,0.0120125783625118,
15.17,0.0125450370030764,
15.18,0.0130696712007703,
15.19,0.0135996452149327,
15.2,0.0141227975935696,
15.21,0.0146533225368908,
15.22,0.0151831098337096,
15.23,0.0157182523302546,
15.24,0.0162496119146427,
15.25,0.0167751488035826,
15.26,0.0173080785969673,
15.27,0.0178351806893362,
15.28,0.0183656109835686,
15.29,0.018895298808179,
15.3,0.0194160873560114,
15.31,0.019937142094798,
15.32,0.0204676473280938,
15.33,0.0209994494947867,
15.34,0.0215386795483268,
15.35,0.0220659295257692,
15.36,0.0225944742283668,
15.37,0.0231130610774584,
15.38,0.0236380527266358,
15.39,0.0241633137656216,
15.4,0.0246867949570093,
15.41,0.0252187454327999,
15.42,0.0257509720625431,
15.43,0.0262886064198036,
15.44,0.0268224152734153,
15.45,0.0273544470688656,
15.46,0.0278805872261514,
15.47,0.0284080252436829,
15.48,0.0289377917798574,
15.49,0.0294616544276072,
15.5,0.0299909337311111,
15.51,0.0305194546341359,
15.52,0.0310492777867033,
15.53,0.0315814364991815,
15.54,0.0321107735394477,
15.55,0.0326393495594139,
15.56,0.033173362133492,
15.57,0.0336993812353226,
15.58,0.0342225654766779,
15.59,0.034782231260545,
15.6,0.0347956835169909,
15.61,0.0341512065815701,
15.62,0.0335216002313548,
15.63,0.0328934100875693,
15.64,0.0322614727131565,
15.65,0.0316196057184581,
15.66,0.0309626732848092,
15.67,0.0302958561737907,
15.68,0.0296274110970238,
15.69,0.0289542549162307,
15.7,0.0282712560716771,
15.71,0.0275917933585796,
15.72,0.0270770988118567,
15.73,0.0265606089392469,
15.74,0.0260443787957159,
15.75,0.025526357195887,
15.76,0.0250075721228384,
15.77,0.0244870005125841,
15.78,0.0239656693193673,
15.79,0.0234466503074597,
15.8,0.0229289172999017,
15.81,0.0224094013781297,
15.82,0.021887083637574,
15.83,0.021360947281241,
15.84,0.0208330401472494,
15.85,0.0203105074104895,
15.86,0.019787222354281,
15.87,0.0192662442049116,
15.88,0.018743494718342,
15.89,0.0182199951129809,
15.9,0.0176916760461743,
15.91,0.0171646482699608,
15.92,0.0166368767860556,
15.93,0.0161134435901276,
15.94,0.0155953578569881,
15.95,0.0150694156923992,
15.96,0.0145417168098394,
15.97,0.0140122642328095,
15.98,0.0134861284117282,
15.99,0.0129612785450623,
16,0.0124356880440302,
16.01,0.0119103702536936,
16.02,0.0113802681185695,
16.03,0.0108504436842003,
16.04,0.0103198864847172,
16.05,0.00979263712802658,
16.06,0.00926465365852081,
16.07,0.00873896372808258,
16.08,0.00821153118568496,
16.09,0.00768638978914993,
16.1,0.00715850043998856,
16.11,0.00662786774425306,
16.12,0.00610254511842445,
16.13,0.00557749663944795,
16.14,0.00504970701061236,
16.15,0.00452420344500659,
16.16,0.00399395466358476,
16.17,0.00346599270959835,
16.18,0.00294131721001389,
16.19,0.00241090156051849,
16.2,0.00188777961660969,
16.21,0.001364930671097,
16.22,0.000843355424367198,
16.23,0.000321051526013028,
16.24,-0.000206978576978267,
16.25,-0.000734729953665414,
16.26,-0.00126519896007449,
16.27,-0.00178839890546223,
16.28,-0.00231332014125019,
16.29,-0.0028409568226887,
16.3,-0.00336632119277258,
16.31,-0.00389937760562942,
16.32,-0.00442617548455215,
16.33,-0.0049566749423543,
16.34,-0.00548191914131368,
16.35,-0.00600986805940684,
16.36,-0.00653753671104174,
16.37,-0.00706492524500058,
16.38,-0.00759501102941884,
16.39,-0.00812283007123726,
16.4,-0.00865036838800493,
16.41,-0.00917861695090638,
16.42,-0.00970658403234514,
16.43,-0.0102342697823111,
16.44,-0.0107636528253866,
16.45,-0.011289786598091,
16.46,-0.0118146523572157,
16.47,-0.0123451654333903,
16.48,-0.0128724323222601,
16.49,-0.0134023775230816,
16.5,-0.0139320382197266,
16.51,-0.0144604290258543,
16.52,-0.0149855816515763,
16.53,-0.015513407909737,
16.54,-0.0160340635913833,
16.55,-0.0165642783254001,
16.56,-0.0170961731603002,
16.57,-0.0176218860669176,
16.58,-0.0181522270434905,
16.59,-0.0186754124651756,
16.6,-0.0191983191033331,
16.61,-0.0197258484895265,
16.62,-0.0202560333775502,
16.63,-0.0207908275712253,
16.64,-0.0213204364613873,
16.65,-0.0218526933569505,
16.66,-0.0223758622058589,
16.67,-0.0229016825336409,
16.68,-0.0234291731897776,
16.69,-0.0239573551209872,
16.7,-0.0244872024105985,
16.71,-0.0250099371646774,
16.72,-0.0255401875176872,
16.73,-0.026065279831524,
16.74,-0.0265910626062893,
16.75,-0.0271165615350015,
16.76,-0.0276417767708962,
16.77,-0.0281744831023597,
16.78,-0.0287020411130727,
16.79,-0.0292293127375468,
16.8,-0.0297572683744642,
16.81,-0.030282997449556,
16.82,-0.0308084416566952,
16.83,-0.0313403817912981,
16.84,-0.0318681574512909,
16.85,-0.0323956455519161,
16.86,-0.0329238133265209,
16.87,-0.0334400941509562,
16.88,-0.0338652869602519,
16.89,-0.0333008995027397,
16.9,-0.0326868506340414,
16.91,-0.0320791871898892,
16.92,-0.0314585510562477,
16.93,-0.0308287944657151,
16.94,-0.0303353607538718,
16.95,-0.0298368250165907,
16.96,-0.029340944947607,
16.97,-0.0288360709831255,
16.98,-0.0283309344159116,
16.99,-0.0278235907585024,
17,-0.0273101460769553,
17.01,-0.0267983766302268,
17.02,-0.0262814693414779,
17.03,-0.0257603905514281,
17.04,-0.0252370833857557,
17.05,-0.0247095939748472,
17.06,-0.0241886498183191,
17.07,-0.0236684037354076,
17.08,-0.0231449497266676,
17.09,-0.0226212150713724,
17.1,-0.0220962217157658,
17.11,-0.0215709463630177,
17.12,-0.0210502836224737,
17.13,-0.0205244464501345,
17.14,-0.0200012668280122,
17.15,-0.0194738856567511,
17.16,-0.0189481827836792,
17.17,-0.0184271059350777,
17.18,-0.0179086985995184,
17.19,-0.0173880522506812,
17.2,-0.0168690961499154,
17.21,-0.0163390457569919,
17.22,-0.0158136305340469,
17.23,-0.015283995808308,
17.24,-0.0147599875202323,
17.25,-0.0142347146207883,
17.26,-0.0137071890926141,
17.27,-0.0131774076195624,
17.28,-0.0126424048018257,
17.29,-0.0121150150454573,
17.3,-0.0115873435877514,
17.31,-0.0110613681574809,
17.32,-0.0105410496053492,
17.33,-0.0100135274126131,
17.34,-0.00948572397560332,
17.35,-0.00895763914437675,
17.36,-0.00842530647806872,
17.37,-0.0078956641898229,
17.38,-0.0073677242636031,
17.39,-0.00683553074868792,
17.4,-0.0063119951338747,
17.41,-0.0057822182542846,
17.42,-0.00525713265512351,
17.43,-0.00472878392839093,
17.44,-0.00419915877364097,
17.45,-0.0036692517833472,
17.46,-0.00313906280753307,
17.47,-0.00261357864071654,
17.48,-0.0020858216443993,
17.49,-0.00155578850434779,
17.5,-0.00102847076104451,
17.51,-0.00050986997210567,
17.52,2.00002000012578E-05,
17.53,0.000550151277733057,
17.54,0.00108058341000872,
17.55,0.00160829191644396,
17.56,0.00214028715168624,
17.57,0.00266554626802362,
17.58,0.00319108069226237,
17.59,0.00371889800448999,
17.6,0.00424900151764862,
17.61,0.00477637066573355,
17.62,0.00530904328796233,
17.63,0.00583395159770839,
17.64,0.00636215306304977,
17.65,0.00689163879810128,
17.66,0.00741938827511879,
17.67,0.00795648593288001,
17.68,0.00848479353601239,
17.69,0.00900934199943193,
17.7,0.00954022052213488,
17.71,0.0100693582196578,
17.72,0.0106018050588588,
17.73,0.0111294769114711,
17.74,0.0116554009678689,
17.75,0.0121785620356525,
17.76,0.0127040190536503,
17.77,0.0132297488546216,
17.78,0.0137618341329344,
17.79,0.0142962274197855,
17.8,0.0148349617378485,
17.81,0.0153648438750813,
17.82,0.0158909391111111,
17.83,0.0164162905182685,
17.84,0.0169388627811615,
17.85,0.0174647561049297,
17.86,0.0179970293496934,
17.87,0.0185244884109992,
17.88,0.0190613922781346,
17.89,0.019591442003104,
17.9,0.0201197271841109,
17.91,0.0206472654399539,
17.92,0.0211699706409718,
17.93,0.0217021388134471,
17.94,0.0222325398506547,
17.95,0.0227621934747426,
17.96,0.0232859817961697,
17.97,0.0238110621764331,
17.98,0.0243384606669088,
17.99,0.0248712551810235,
18,0.0254053522251716,
18.01,0.0259428054301796,
18.02,0.0264651432418395,
18.03,0.0269867200038871,
18.04,0.027509589303317,
18.05,0.0280440332331338,
18.06,0.028588012396517,
18.07,0.0291199298877496,
18.08,0.0296521224514252,
18.09,0.0301753186102034,
18.1,0.0307008420197732,
18.11,0.0312307584294218,
18.12,0.0317630108100759,
18.13,0.032297602496969,
18.14,0.0328324711740899,
18.15,0.0333624501597891,
18.16,0.0340540009368884,
18.17,0.0346611688217784,
18.18,0.0348112055686587,
18.19,0.0341698214708221,
18.2,0.0335371031716301,
18.21,0.0329078706965347,
18.22,0.0322728276518083,
18.23,0.0316361117641977,
18.24,0.0309812307799453,
18.25,0.0303257351868633,
18.26,0.0296572707249081,
18.27,0.02897895011469,
18.28,0.0282969631744163,
18.29,0.0276164558575691,
18.3,0.0271027760602913,
18.31,0.0265862732752733,
18.32,0.026066952020354,
18.33,0.0255509701238137,
18.34,0.0250280724792837,
18.35,0.024511588495651,
18.36,0.023988196811894,
18.37,0.0234701898511205,
18.38,0.0229463072393097,
18.39,0.0224237152099456,
18.4,0.021900368256011,
18.41,0.0213721823134536,
18.42,0.0208493736065591,
18.43,0.0203258121828862,
18.44,0.0198004796743438,
18.45,0.0192825525952856,
18.46,0.018758775985372,
18.47,0.0182332320589573,
18.48,0.0177079592432561,
18.49,0.0171829573984112,
18.5,0.016655176414534,
18.51,0.0161276692779175,
18.52,0.0156014514474161,
18.53,0.0150744910521659,
18.54,0.0145528768301042,
18.55,0.0140254464779288,
18.56,0.0135023443195097,
18.57,0.0129764730781992,
18.58,0.0124539120504306,
18.59,0.0119285848042887,
18.6,0.0114004959262093,
18.61,0.010874704385976,
18.62,0.0103471654899172,
18.63,0.00981687244214013,
18.64,0.00929190417204984,
18.65,0.00876216499106186,
18.66,0.00823371208336021,
18.67,0.0077045283074122,
18.68,0.00718367971723932,
18.69,0.00665303375552062,
18.7,0.00612367349371912,
18.71,0.00559559719729186,
18.72,0.00506277274173073,
18.73,0.00453826688229864,
18.74,0.00401001869537132,
18.75,0.00348505874458671,
18.76,0.00295736439946648,
18.77,0.00242894511913816,
18.78,0.00190180614370994,
18.79,0.00137394299602844,
18.8,0.000850361352375817,
18.81,0.000325052818221927,
18.82,-0.000202979396894176,
18.83,-0.000730732884591134,
18.84,-0.00126020527358506,
18.85,-0.00178540426616702,
18.86,-0.00231531551261455,
18.87,-0.00284594260544013,
18.88,-0.00337130434870869,
18.89,-0.00390136980488209,
18.9,-0.00442617548455215,
18.91,-0.0049497096147002,
18.92,-0.00547495749038196,
18.93,-0.00600291010413045,
18.94,-0.00653058244945892,
18.95,-0.00706095349675806,
18.96,-0.0075880641701821,
18.97,-0.00811886255462257,
18.98,-0.00864640298154773,
18.99,-0.00917564448229846,
19,-0.00970856461719649,
19.01,-0.0102342697823111,
19.02,-0.0107666205299766,
19.03,-0.0112937414310349,
19.04,-0.0118235459853231,
19.05,-0.0123491160448274,
19.06,-0.0128793421910492,
19.07,-0.0134043507163534,
19.08,-0.0139320382197266,
19.09,-0.0144643711762539,
19.1,-0.0149905067113554,
19.11,-0.0155153768809522,
19.12,-0.0160478390180647,
19.13,-0.0165760794832531,
19.14,-0.0171079679354535,
19.15,-0.0176405510737643,
19.16,-0.0181659728160913,
19.17,-0.0186930761487776,
19.18,-0.0192189157223668,
19.19,-0.0197415327504763,
19.2,-0.0202717091556096,
19.21,-0.0207996404141193,
19.22,-0.0213292445378227,
19.23,-0.0218614966430954,
19.24,-0.0223875936251237,
19.25,-0.0229153618143303,
19.26,-0.0234447981980062,
19.27,-0.0239680915310304,
19.28,-0.0244979329923537,
19.29,-0.0250284617998867,
19.3,-0.0255557787499566,
19.31,-0.026088653984317,
19.32,-0.0266183176749636,
19.33,-0.0271438018899117,
19.34,-0.0276709470800363,
19.35,-0.0281987784365892,
19.36,-0.028727294531708,
19.37,-0.0292564939362516,
19.38,-0.0297795837006645,
19.39,-0.0303101491455019,
19.4,-0.0308375169673136,
19.41,-0.0313704097740264,
19.42,-0.031900105274953,
19.43,-0.0324256408219749,
19.44,-0.0329528251769413,
19.45,-0.0334719901015631,
19.46,-0.0328967348141967,
19.47,-0.0322892032187058,
19.48,-0.0316812899735475,
19.49,-0.031044895548383,
19.5,-0.0305583579752349,
19.51,-0.0300618767661744,
19.52,-0.029559318667029,
19.53,-0.0290613548807147,
19.54,-0.0285563354915913,
19.55,-0.028053969266561,
19.56,-0.0275396737971448,
19.57,-0.0270251061934521,
19.58,-0.0265063723447631,
19.59,-0.0259902839707674,
19.6,-0.0254758710476432,
19.61,-0.0249572862797232,
19.62,-0.0244433033469855,
19.63,-0.0239251451822451,
19.64,-0.023406711802456,
19.65,-0.02288995728348,
19.66,-0.0223690188129424,
19.67,-0.0218409555188439,
19.68,-0.0213155430513361,
19.69,-0.0207908275712253,
19.7,-0.0202648510335703,
19.71,-0.0197395722315813,
19.72,-0.0192208772825737,
19.73,-0.0186960200651332,
19.74,-0.0181699001443454,
19.75,-0.0176405510737643,
19.76,-0.0171099337175519,
19.77,-0.0165819800090746,
19.78,-0.0160566945476636,
19.79,-0.0155380197668897,
19.8,-0.015013161669168,
19.81,-0.0144830961753135,
19.82,-0.0139527454294974,
19.83,-0.0134161897931102,
19.84,-0.0128862520114695,
19.85,-0.0123609677843242,
19.86,-0.0118354040316229,
19.87,-0.0113056058349511,
19.88,-0.0107824481374269,
19.89,-0.0102520854051139,
19.9,-0.0097263897026072,
19.91,-0.00920140558064619,
19.92,-0.00867614314335363,
19.93,-0.00815060224318309,
19.94,-0.00762279798009091,
19.95,-0.00709272703786679,
19.96,-0.00656237296216955,
19.97,-0.00603272956953305,
19.98,-0.00550479279412541,
19.99,-0.00497458556100927,
20,-0.00444509120751801,
20.01,-0.0039242798099105,
20.02,-0.00339123672329733,
20.03,-0.0028638912169352,
20.04,-0.00233427134153885,
20.05,-0.0018063665525726,
20.06,-0.00128117858905374,
20.07,-0.000730732884591134,
20.08,-0.000143989632497621,
20.09,0.000459105356618972,
20.1,0.00108658991152866,
20.11,0.0016894254739539,
20.12,0.00229061946940101,
20.13,0.00289518297051794,
20.14,0.00350011113336057,
20.15,0.00410339596908593,
20.16,0.00470804819551862,
20.17,0.00531306453217795,
20.18,0.00592045703722643,
20.19,0.00652318388966244,
20.2,0.00713533606086991,
20.21,0.00774080632343166,
20.22,0.0083436155476071,
20.23,0.00894375852368801,
20.24,0.00954022052213488,
20.25,0.0101451162624155,
20.26,0.0107544174533685,
20.27,0.0113590293559469,
20.28,0.0119710866973839,
20.29,0.0125744012349289,
20.3,0.0131750359254459,
20.31,0.0137770406744953,
20.32,0.0143783887416953,
20.33,0.0149871983995733,
20.34,0.0155923110754848,
20.35,0.0162018493053129,
20.36,0.0168046357104559,
20.37,0.0174098144915369,
20.38,0.018010263397096,
20.39,0.018618196974461,
20.4,0.0192234359216352,
20.41,0.0198280146590157,
20.42,0.0204380541954239,
20.43,0.0210423323721998,
20.44,0.0216459467411085,
20.45,0.0222529847058994,
20.46,0.0228552690692241,
20.47,0.0234609786608624,
20.48,0.0240660228722045,
20.49,0.0246611781073474,
20.5,0.0252648813143939,
20.51,0.0258699660768218,
20.52,0.0264743814697006,
20.53,0.0270822342101893,
20.54,0.0276842807818536,
20.55,0.0282918217024541,
20.56,0.0288904617300352,
20.57,0.0295018042150454,
20.58,0.0301073292828475,
20.59,0.0307049648313868,
20.6,0.0313132601901227,
20.61,0.0319084996513226,
20.62,0.0325133752433573,
20.63,0.0331237710023062,
20.64,0.033728325223211,
20.65,0.0343311645474045,
20.66,0.034938495175094,
20.67,0.0355441113202224,
20.68,0.0361459372624062,
20.69,0.03674914971569,
20.7,0.0373475265902028,
20.71,0.0379597422167415,
20.72,0.0385692034447931,
20.73,0.0391831792560104,
20.74,0.039730973122484,
20.75,0.0397725631932047,
20.76,0.0391717483039089,
20.77,0.0386304808354616,
20.78,0.0380915714749839,
20.79,0.0375456788907238,
20.8,0.0369928143953517,
20.81,0.0364423173807999,
20.82,0.0358827896155076,
20.83,0.0353163166740618,
20.84,0.0347501535085837,
20.85,0.0341677531332476,
20.86,0.0335877477304669,
20.87,0.0330029025920389,
20.88,0.032409096658615,
20.89,0.0318269820998358,
20.9,0.031237977069996,
20.91,0.0306513695667046,
20.92,0.0300620055574883,
20.93,0.0294678312160639,
20.94,0.0288698841265773,
20.95,0.0282805105546269,
20.96,0.0276894192161035,
20.97,0.027091477991894,
20.98,0.0264877257233971,
20.99,0.0258853542417239,
21,0.0252823109655278,
21.01,0.0246816715358431,
21.02,0.0240834321425716,
21.03,0.0234814480851291,
21.04,0.0228787950109601,
21.05,0.0222805859091011,
21.06,0.0216868133963057,
21.07,0.0210903224895802,
21.08,0.0204921388455268,
21.09,0.0198892061756224,
21.1,0.0192886683089484,
21.11,0.0186864466799979,
21.12,0.0180896712945089,
21.13,0.0174891755521085,
21.14,0.0168890339977004,
21.15,0.0162821324225493,
21.16,0.0156786400908573,
21.17,0.0150765212031783,
21.18,0.014473744791901,
21.19,0.0138753818169091,
21.2,0.0132723053977546,
21.21,0.0126695877023388,
21.22,0.0120621681937925,
21.23,0.0114500557647157,
21.24,0.0108494328342621,
21.25,0.010245125579305,
21.26,0.00964218923374083,
21.27,0.00904566698958975,
21.28,0.00844344650709727,
21.29,0.00784259328502546,
21.3,0.00724008358259698,
21.31,0.00663491416398965,
21.32,0.00603212040515988,
21.33,0.00543169847305758,
21.34,0.00483364455115187,
21.35,0.00422791251005195,
21.36,0.00362756374054363,
21.37,0.00302255874694568,
21.38,0.00241591362755655,
21.39,0.0018126408508774,
21.4,0.00121173355658244,
21.41,0.000611186698522337,
21.42,1.10000605002547E-05,
21.43,-0.000593823616925615,
21.44,-0.00119428627183005,
21.45,-0.00179937917268269,
21.46,-0.00240011510676219,
21.47,-0.00300547449173205,
21.48,-0.00361046653505459,
21.49,-0.0042101125226488,
21.5,-0.00481337838644158,
21.51,-0.00541627878186901,
21.52,-0.00601881393033787,
21.53,-0.00662595093578311,
21.54,-0.00722676047225623,
21.55,-0.00783216748045801,
21.56,-0.00843918842660418,
21.57,-0.00904187416501034,
21.58,-0.00964518393717184,
21.59,-0.0102471366531691,
21.6,-0.0108507017937273,
21.61,-0.0114558759620452,
21.62,-0.0120577160546752,
21.63,-0.0126591897382717,
21.64,-0.0132612839751192,
21.65,-0.0138639971829749,
21.66,-0.0144712699015102,
21.67,-0.0150791535765826,
21.68,-0.0156837093586685,
21.69,-0.0162869103448408,
21.7,-0.0168848261185368,
21.71,-0.0174853260183774,
21.72,-0.0180884048640499,
21.73,-0.0186911135329673,
21.74,-0.019291490837291,
21.75,-0.0198944411442024,
21.76,-0.0204950617427596,
21.77,-0.021093356462385,
21.78,-0.0217000904743989,
21.79,-0.0223035153428611,
21.8,-0.0229055909190941,
21.81,-0.0235112016939842,
21.82,-0.0241115576765554,
21.83,-0.0247144704146862,
21.84,-0.0253218840706179,
21.85,-0.025924049058116,
21.86,-0.0265316828500441,
21.87,-0.0271369918726899,
21.88,-0.027737063207661,
21.89,-0.0283425943747387,
21.9,-0.028947748413387,
21.91,-0.029547673308981,
21.92,-0.0301511069688597,
21.93,-0.0307531961633879,
21.94,-0.0313539429310248,
21.95,-0.031959157567418,
21.96,-0.0325620591888981,
21.97,-0.0331713531438609,
21.98,-0.0337763984778447,
21.99,-0.0343791339321753,
22,-0.0349824584149273,
22.01,-0.0355776905900761,
22.02,-0.0361764109223155,
22.03,-0.0367815021177345,
22.04,-0.0373842882056784,
22.05,-0.0379895831031952,
22.06,-0.0385445030039575,
22.07,-0.0388261681986113,
22.08,-0.0382762194964866,
22.09,-0.0377682952601824,
22.1,-0.0372456615623012,
22.11,-0.036726597098577,
22.12,-0.0361995424108744,
22.13,-0.0356577343198964,
22.14,-0.0350982535720691,
22.15,-0.0345297590382181,
22.16,-0.0339560993550282,
22.17,-0.0333762990919563,
22.18,-0.0328009868514973,
22.19,-0.0322185577520125,
22.2,-0.0316338411942705,
22.21,-0.0310468334566539,
22.22,-0.0304488048800527,
22.23,-0.0298504072059649,
22.24,-0.0292526109544614,
22.25,-0.0286612457421027,
22.26,-0.028062716741474,
22.27,-0.0274647914690945,
22.28,-0.0268820683710401,
22.29,-0.0262834167765917,
22.3,-0.0256921913918239,
22.31,-0.0250947576104013,
22.32,-0.0244872024105985,
22.33,-0.0238890297444854,
22.34,-0.0232885368651445,
22.35,-0.0226827879952555,
22.36,-0.0220825309670347,
22.37,-0.0214799482296818,
22.38,-0.0208750359390425,
22.39,-0.0202746483360734,
22.4,-0.0196758532329313,
22.41,-0.0190727684531082,
22.42,-0.0184702941922679,
22.43,-0.017867449898643,
22.44,-0.0172622698714687,
22.45,-0.0166557335947799,
22.46,-0.0160547266590848,
22.47,-0.0154592596581088,
22.48,-0.0148535808756631,
22.49,-0.014253443983281,
22.5,-0.013646037042644,
22.51,-0.0130412167048569,
22.52,-0.0124380006245172,
22.53,-0.0118373803588384,
22.54,-0.0112373835681127,
22.55,-0.0106320756415237,
22.56,-0.0100313470087429,
22.57,-0.00942827248151668,
22.58,-0.00882086586143915,
22.59,-0.00821606214323456,
22.6,-0.00760890460200925,
22.61,-0.00700435435804725,
22.62,-0.00640142302999691,
22.63,-0.00579116617405462,
22.64,-0.00518451377525042,
22.65,-0.00458346372272755,
22.66,-0.00398304654376602,
22.67,-0.00338226720406498,
22.68,-0.00277713660170009,
22.69,-0.00217263640141951,
22.7,-0.00156277758936652,
22.71,-0.000955543177585727,
22.72,-0.000350938406706636,
