0,0,
0.01,0.000520135223437634,
0.02,0.00102952960213787,
0.03,0.001533174111503,
0.04,0.00205009858438898,
0.05,0.00256227703521494,
0.06,0.00308274190594737,
0.07,0.00360849499798621,
0.08,0.0041174535150319,
0.09,0.00464073501130646,
0.1,0.0041254864867919,
0.11,0.00362254561527031,
0.12,0.003098791358213,
0.13,0.00259536213625822,
0.14,0.00207214392905586,
0.15,0.00156322055742075,
0.16,0.00105155249404021,
0.17,0.000540145826247507,
0.18,-0.000249968752603968,
0.19,-0.000224974689398305,
0.2,0.000292042636149903,
0.21,0.000795316096259935,
0.22,0.00131286104852402,
0.23,0.00184169383872845,
0.24,0.00236479171958126,
0.25,0.00290721778492231,
0.26,0.00344090637336114,
0.27,0.00398391477423754,
0.28,0.00452922607858053,
0.29,0.00507382849303739,
0.3,0.00562274864495915,
0.31,0.00617297476159151,
0.32,0.00670739448706992,
0.33,0.00721087404371334,
0.34,0.00776398462852668,
0.35,0.00831235738002922,
0.36,0.0088580019489195,
0.37,0.00923841311865403,
0.38,0.00872383275710931,
0.39,0.00818430984183283,
0.4,0.00764205256342532,
0.41,0.00712727901040955,
0.42,0.0066097486057064,
0.43,0.00608946587035319,
0.44,0.00554732976705408,
0.45,0.00500448079139448,
0.46,0.00446493826534344,
0.47,0.00391966185980719,
0.48,0.00337468145898678,
0.49,0.00282397994026451,
0.5,0.00227558522286619,
0.51,0.00173049558232985,
0.52,0.00122174572397871,
0.53,0.000673226515311987,
0.54,0.000159012641169909,
0.55,-9.99950001666638E-05,
0.56,0.000409083651904174,
0.57,0.000951452343881609,
0.58,0.00150513157522525,
0.59,0.00201703147674603,
0.6,0.00258433364793142,
0.61,0.00309377587679505,
0.62,0.00361351305300639,
0.63,0.0041174535150319,
0.64,0.00463470718497994,
0.65,0.00515725308287474,
0.66,0.0056830878200349,
0.67,0.00620416660728007,
0.68,0.00672652210927693,
0.69,0.00724411255098922,
0.7,0.00777305454520283,
0.71,0.00830126600510073,
0.72,0.00882168371458136,
0.73,0.00935044480015357,
0.74,0.00988150279012556,
0.75,0.0104017257099662,
0.76,0.0109272712373303,
0.77,0.0114591588561814,
0.78,0.0119791824984607,
0.79,0.0125045360116216,
0.8,0.0130392795665111,
0.81,0.0135651834128494,
0.82,0.0140873039167968,
0.83,0.0135621427218602,
0.84,0.013030162254023,
0.85,0.0124802361943563,
0.86,0.0119093583438292,
0.87,0.0113388023776302,
0.88,0.0108332593727247,
0.89,0.0102572485935497,
0.9,0.00974214875838975,
0.91,0.00922226543322591,
0.92,0.00870466718636043,
0.93,0.0081812852934402,
0.94,0.00766422093243269,
0.95,0.00713835747141012,
0.96,0.00661780151590685,
0.97,0.00609248414327812,
0.98,0.00557749663944795,
0.99,0.00503764648649163,
1,0.00451516276785879,
1.01,0.00399194667768343,
1.02,0.00346599270959835,
1.03,0.0029322907787781,
1.04,0.00240388470876662,
1.05,0.00188377207350632,
1.06,0.00135792114111566,
1.07,0.000840352898804797,
1.08,0.000298044406410902,
1.09,-7.49971875703137E-05,
1.1,0.000453102619994983,
1.11,0.000987487244790364,
1.12,0.00153517717985441,
1.13,0.00209519185341622,
1.14,0.00266755160112142,
1.15,0.00323823178109683,
1.16,0.00382830932718137,
1.17,0.0044006545663946,
1.18,0.00499945578155314,
1.19,0.00559459160219755,
1.2,0.00618102417758726,
1.21,0.00668524716801255,
1.22,0.00728339583739768,
1.23,0.00787585263938007,
1.24,0.00847975112465083,
1.25,0.0090779569675703,
1.26,0.0096815660469638,
1.27,0.0102734128388409,
1.28,0.0108666174206888,
1.29,0.0114702849681225,
1.3,0.0119761465654671,
1.31,0.0124822611568536,
1.32,0.0130777757905582,
1.33,0.0136756680391441,
1.34,0.0142850702226487,
1.35,0.0148755559481968,
1.36,0.0154816175464845,
1.37,0.0160819445616138,
1.38,0.0166887265889304,
1.39,0.0172846807802356,
1.4,0.0178799664225655,
1.41,0.0184857852158051,
1.42,0.0190838118753796,
1.43,0.019247897577636,
1.44,0.0187363635388382,
1.45,0.018202685520196,
1.46,0.0176621634155041,
1.47,0.017106671537362,
1.48,0.0165331851129886,
1.49,0.0159711976654722,
1.5,0.0153922590959699,
1.51,0.0148024875386628,
1.52,0.0142100159044962,
1.53,0.0136148493236414,
1.54,0.0130250971158745,
1.55,0.012432650741522,
1.56,0.0118456100623456,
1.57,0.0112386847920971,
1.58,0.0107271274525138,
1.59,0.0101430959742033,
1.6,0.00953921098241906,
1.61,0.00893871381750699,
1.62,0.00833454049590499,
1.63,0.00773375216247696,
1.64,0.00713332179221204,
1.65,0.00662887437262416,
1.66,0.00612065512722615,
1.67,0.00551917483599151,
1.68,0.00491604428834802,
1.69,0.00441170303436134,
1.7,0.00381124439097502,
1.71,0.00320713187796251,
1.72,0.00270164287742447,
1.73,0.00210020234190189,
1.74,0.00158525519065322,
1.75,0.000995495176719929,
1.76,0.000492121051851591,
1.77,-2.49996875025804E-05,
1.78,2.50003125026321E-05,
1.79,0.000573164195859954,
1.8,0.00112963756041262,
1.81,0.00169743902141173,
1.82,0.00227859205413194,
1.83,0.00286810516612968,
1.84,0.00346097539217816,
1.85,0.00407226924627757,
1.86,0.00468996361341278,
1.87,0.00529999554728766,
1.88,0.00591442153259081,
1.89,0.006417504503619,
1.9,0.00704066978866469,
1.91,0.00766119794430442,
1.92,0.00828412502927733,
1.93,0.00879041072712017,
1.94,0.00941100764370861,
1.95,0.0100340064107804,
1.96,0.0106604216634172,
1.97,0.0111668893942436,
1.98,0.0117950190466285,
1.99,0.0124134147039008,
2,0.0130413056470962,
2.01,0.0136736406898352,
2.02,0.0143023132154074,
2.03,0.0149303607079332,
2.04,0.0155537193009123,
2.05,0.0161794931105472,
2.06,0.0168005685000474,
2.07,0.017426093178798,
2.08,0.0180570929462838,
2.09,0.0186833906252419,
2.1,0.019315170158847,
2.11,0.0199351022225536,
2.12,0.0205645963595962,
2.13,0.0211985638004522,
2.14,0.0218267940781989,
2.15,0.0224502985721233,
2.16,0.0230711143018689,
2.17,0.0237025439554099,
2.18,0.0242339834723482,
2.19,0.0242114505725746,
2.2,0.0236411236454002,
2.21,0.0230762296702289,
2.22,0.0225167600015035,
2.23,0.0219361353948213,
2.24,0.0213374562496014,
2.25,0.0207421900495657,
2.26,0.0201411499233197,
2.27,0.0195374050886687,
2.28,0.0189258661256506,
2.29,0.0183055291849512,
2.3,0.017692693738359,
2.31,0.0170731075710098,
2.32,0.0164498328093006,
2.33,0.0158269399979403,
2.34,0.0152034136989443,
2.35,0.0145883868022141,
2.36,0.0139564950919422,
2.37,0.0134476166705764,
2.38,0.012824538002653,
2.39,0.0122018424103025,
2.4,0.0115785180789822,
2.41,0.0109495118819438,
2.42,0.0103239277723457,
2.43,0.00969772108126055,
2.44,0.0090749297382402,
2.45,0.00844848873693538,
2.46,0.0078204209918693,
2.47,0.00731361479255499,
2.48,0.00680706345265647,
2.49,0.00629875424449056,
2.5,0.00567504238751426,
2.51,0.00505171711203656,
2.52,0.00442275162386196,
2.53,0.00391966185980719,
2.54,0.00341381383464001,
2.55,0.00278787892680876,
2.56,0.00228159889441848,
2.57,0.00177457269382475,
2.58,0.00114865920423135,
2.59,0.000645208057229896,
2.6,2.50003125026321E-05,
2.61,0.000100005000166714,
2.62,0.000620192239727535,
2.63,0.00114065004699437,
2.64,0.00168041030969279,
2.65,0.00223148606730494,
2.66,0.00279590126192941,
2.67,0.00336866122895874,
2.68,0.00394174833531857,
2.69,0.00452018535622911,
2.7,0.00511302713671702,
2.71,0.00570823021150901,
2.72,0.0063007668440116,
2.73,0.00689667326888133,
2.74,0.00748890261112689,
2.75,0.00808954497072634,
2.76,0.00869054541987246,
2.77,0.00928887630087916,
2.78,0.0098895818744642,
2.79,0.0104876135068313,
2.8,0.0110859992787398,
2.81,0.0116837277156687,
2.82,0.0122848463644958,
2.83,0.0128883479585395,
2.84,0.0134922093467416,
2.85,0.0140964307436027,
2.86,0.0147050711759193,
2.87,0.0153059544219474,
2.88,0.0159071934961716,
2.89,0.0165077721010247,
2.9,0.0171036202219244,
2.91,0.0177038884195608,
2.92,0.018307565798046,
2.93,0.0189085445331605,
2.94,0.019514975512483,
2.95,0.0201166668295198,
2.96,0.0207278997589373,
2.97,0.0213262215993735,
2.98,0.021921828389075,
2.99,0.022522895120469,
3,0.0231294310173948,
3.01,0.0237383741714734,
3.02,0.0243394850058816,
3.03,0.0249368490403363,
3.04,0.0255407146653899,
3.05,0.0261562237284427,
3.06,0.0267597810164479,
3.07,0.02735752913683,
3.08,0.0279556252478734,
3.09,0.0285622980176383,
3.1,0.0290993476949744,
3.11,0.0291775622175134,
3.12,0.0286260708570529,
3.13,0.028086183902579,
3.14,0.0275465803143662,
3.15,0.0269990439184704,
3.16,0.0264343497494468,
3.17,0.0258607332886747,
3.18,0.0252853868170744,
3.19,0.0247062641910705,
3.2,0.0241254204240433,
3.21,0.0235377411128179,
3.22,0.0229422154622645,
3.23,0.0223449916147718,
3.24,0.0217573122186114,
3.25,0.0211618013138841,
3.26,0.02056663749083,
3.27,0.0199606009188416,
3.28,0.0193600210130453,
3.29,0.0187618322662844,
3.3,0.0181690853859791,
3.31,0.0175624374101435,
3.32,0.0169561508887772,
3.33,0.0163573400829977,
3.34,0.015759897632323,
3.35,0.0151536699504049,
3.36,0.0145498331760392,
3.37,0.0139514253221411,
3.38,0.0133533704247444,
3.39,0.0127465535156681,
3.4,0.0121431364059335,
3.41,0.0115421019078263,
3.42,0.01093535868785,
3.43,0.0103269587486754,
3.44,0.00972599301325605,
3.45,0.0091243756212116,
3.46,0.00851807408332506,
3.47,0.00791717639646961,
3.48,0.00731663673793226,
3.49,0.00671846832931533,
3.5,0.00611461842140559,
3.51,0.00551414725268629,
3.52,0.00489896086080477,
3.53,0.00429017657079367,
3.54,0.00369480904000663,
3.55,0.00309076659998131,
3.56,0.00248708768407302,
3.57,0.00187776078890778,
3.58,0.00127080679150549,
3.59,0.000667222493965003,
3.6,5.00012500208591E-05,
3.61,5.00012500208591E-05,
3.62,0.000687236038549699,
3.63,0.00130785449673509,
3.64,0.00194188301748777,
3.65,0.00259235435468352,
3.66,0.00309578206635286,
3.67,0.00376406637118087,
3.68,0.00426707816236505,
3.69,0.00477637066573355,
3.7,0.0052909478880423,
3.71,0.00580880606323908,
3.72,0.00632592467765436,
3.73,0.00684632969381793,
3.74,0.00736700382893596,
3.75,0.00788391567845337,
3.76,0.00839907597160994,
3.77,0.00892458877438917,
3.78,0.00945340379634274,
3.79,0.00998148600798943,
3.8,0.0105017604324487,
3.81,0.0110243249138711,
3.82,0.0115532289321458,
3.83,0.0120824096395702,
3.84,0.0126108545695294,
3.85,0.013133496600535,
3.86,0.0136564083844186,
3.87,0.0141765475262026,
3.88,0.0147050711759193,
3.89,0.0152308245611592,
3.9,0.0157619291541498,
3.91,0.0162851812735199,
3.92,0.016813786993358,
3.93,0.0173457196922313,
3.94,0.0178769127872467,
3.95,0.0184022728054729,
3.96,0.0189258661256506,
3.97,0.0194487091927535,
3.98,0.0199738604928406,
3.99,0.0205003028152935,
4,0.0210311009683164,
4.01,0.0215601320858481,
4.02,0.0220884152235605,
4.03,0.0226139037079567,
4.04,0.0231396623628617,
4.05,0.0236636439978435,
4.06,0.0241889181685193,
4.07,0.0247124124471005,
4.08,0.0252402752525163,
4.09,0.0257663584425216,
4.1,0.0263009219569739,
4.11,0.0268265225712911,
4.12,0.0273493103094722,
4.13,0.0278754478360639,
4.14,0.0284039116198092,
4.15,0.0289377917798574,
4.16,0.0294606249664673,
4.17,0.0299868137756161,
4.18,0.0305091494911154,
4.19,0.0310441225532025,
4.2,0.0315752470291308,
4.21,0.0321066451046104,
4.22,0.0326372842827802,
4.23,0.0331661299452697,
4.24,0.0336952464460671,
4.25,0.0340457285379705,
4.26,0.0334027520812277,
4.27,0.0327715358559002,
4.28,0.0321365766313235,
4.29,0.0314916928181128,
4.3,0.0308296876777114,
4.31,0.0301619264181108,
4.32,0.029483273349348,
4.33,0.0288009521535877,
4.34,0.0281170269507396,
4.35,0.0275969313303914,
4.36,0.027074017585182,
4.37,0.026553423040135,
4.38,0.0260330923696246,
4.39,0.0255099489054387,
4.4,0.0249850222043018,
4.41,0.024467535444493,
4.42,0.0239472381032011,
4.43,0.0234272050058348,
4.44,0.0229012985919888,
4.45,0.0223746400494289,
4.46,0.0218554056289928,
4.47,0.021332349575087,
4.48,0.0208116028784984,
4.49,0.0202829593986893,
4.5,0.0197545896852911,
4.51,0.0192254743705456,
4.52,0.0187027457935371,
4.53,0.0181802853075177,
4.54,0.0176540221507617,
4.55,0.0171229453742969,
4.56,0.0165911291559295,
4.57,0.0160626391880687,
4.58,0.0155313773648498,
4.59,0.0150054683335734,
4.6,0.0144717158464405,
4.61,0.0139433137431848,
4.62,0.0134121466247223,
4.63,0.0128883479585395,
4.64,0.0123658323916029,
4.65,0.0118425745300688,
4.66,0.0113145305376363,
4.67,0.0107887836877845,
4.68,0.0102542178263503,
4.69,0.00972599301325605,
4.7,0.00919098002792396,
4.71,0.00866331114281049,
4.72,0.00813390188655005,
4.73,0.00760880092434579,
4.74,0.0070769239053472,
4.75,0.00654834728380083,
4.76,0.00602004809214907,
4.77,0.00549403717084274,
4.78,0.00496830128132109,
4.79,0.0044368136408186,
4.8,0.00391163053463761,
4.81,0.00337969834493634,
4.82,0.00285406511093811,
4.83,0.00232570025499257,
4.84,0.0017966119768551,
4.85,0.00126279665709195,
4.86,0.000734269443919855,
4.87,0.000225025314398497,
4.88,0.000125007812825428,
4.89,0.000651211946489871,
4.9,0.00116567887610453,
4.91,0.00169944241829323,
4.92,0.00225052864644404,
4.93,0.00280693207751281,
4.94,0.00337668821035653,
4.95,0.00394777200387941,
4.96,0.00452922607858053,
4.97,0.00511001180215875,
4.98,0.00569716748182181,
4.99,0.00628667873189293,
5,0.00687452178573666,
5.01,0.00746673809907983,
5.02,0.00806736724469292,
5.03,0.00867138048157701,
5.04,0.00927171853582331,
5.05,0.00987039415469249,
5.06,0.0104734667792696,
5.07,0.0110748773939182,
5.08,0.0116725992558704,
5.09,0.0122706744758501,
5.1,0.0128772062479916,
5.11,0.0134810609937548,
5.12,0.0140822334929533,
5.13,0.0146857919627201,
5.14,0.0152836179366522,
5.15,0.0158878914428653,
5.16,0.0164833762072463,
5.17,0.0170893808709169,
5.18,0.017692693738359,
5.19,0.0182963644764298,
5.2,0.0189003932974092,
5.21,0.0195017219039499,
5.22,0.020107485820833,
5.23,0.0207115682431935,
5.24,0.0213149870727258,
5.25,0.0219136530471493,
5.26,0.0225167600015035,
5.27,0.0231202228939522,
5.28,0.0237301842972395,
5.29,0.0243333389874096,
5.3,0.0249368490403363,
5.31,0.0255386635860115,
5.32,0.0261418576418733,
5.33,0.0267454064801358,
5.34,0.0273493103094722,
5.35,0.0279525413856234,
5.36,0.0285592123353726,
5.37,0.0291631538325015,
5.38,0.029766420180424,
5.39,0.0303700401460261,
5.4,0.0309740139365888,
5.41,0.0315773101816881,
5.42,0.0321757985664475,
5.43,0.0327766997264891,
5.44,0.0333800174707637,
5.45,0.0339867896112191,
5.46,0.0345908142543809,
5.47,0.0351889805984402,
5.48,0.0357864569956097,
5.49,0.0363936057366157,
5.5,0.037000073370459,
5.51,0.0376120839391119,
5.52,0.0382182263724955,
5.53,0.038802907806323,
5.54,0.0390616019364494,
5.55,0.0385266229803574,
5.56,0.0379898434857322,
5.57,0.0374419295103903,
5.58,0.0368911940790178,
5.59,0.0363345329846783,
5.6,0.0357698845448777,
5.61,0.0352024381426617,
5.62,0.0346270255665739,
5.63,0.0340477966314958,
5.64,0.0334699254432236,
5.65,0.0328799825605173,
5.66,0.0322903764390428,
5.67,0.0316918216183855,
5.68,0.0310998004391096,
5.69,0.0305009054508956,
5.7,0.0299033882224808,
5.71,0.0293072467603075,
5.72,0.0287073355265628,
5.73,0.0281139426042851,
5.74,0.0275136993498943,
5.75,0.0269209949570308,
5.76,0.0263111850175086,
5.77,0.0257078914264162,
5.78,0.0251039273632432,
5.79,0.0245085149654958,
5.8,0.0239103766661393,
5.81,0.0233095176444122,
5.82,0.022705943101001,
5.83,0.0220965919635894,
5.84,0.0214876038912515,
5.85,0.0208810204276642,
5.86,0.0202798985544024,
5.87,0.0196791306376736,
5.88,0.0190787164690587,
5.89,0.01848069279961,
5.9,0.0178799664225655,
5.91,0.017278577090462,
5.92,0.0166744930463931,
5.93,0.0160738159385718,
5.94,0.0154704473101279,
5.95,0.0148633775145961,
5.96,0.0142576848954563,
5.97,0.0136513401150473,
5.98,0.0130443447755719,
5.99,0.0124377129174311,
6,0.011837515329844,
6.01,0.0112366623167499,
6.02,0.0106351554687045,
6.03,0.0100259261710502,
6.04,0.00941706412792409,
6.05,0.00881058673709401,
6.06,0.00820346552569817,
6.07,0.00759973248594537,
6.08,0.00699132600477759,
6.09,0.00639033159783309,
6.1,0.0057886900882782,
6.11,0.00518841344070342,
6.12,0.00458146295648354,
6.13,0.00397789088882061,
6.14,0.00337668821035653,
6.15,0.00277885387651122,
6.16,0.00217235615397637,
6.17,0.00156322055742075,
6.18,0.000951452343881609,
6.19,0.000350061257146539,
6.2,-0.000149988750562491,
